mine

----- input --------
-1 -1 1 1 1 1 3 10 10 10 
----- start --------
1 1 3 3 3 3 7 8 8 8 
----- freq --------
2 2 4 4 4 4 1 3 3 3 
----- tree --------
0 3 0 0 2 2 2 4 0 0 4 4 0 0 4 1 4 3 0 0 3 3 0 0 0 0 0 0 0 0 0 0 0 0 0 0 0 0 0 0 0 
debug 1 1 -2147483648
1
debug 2 3 2
3
debug 2 3 0
3

// original

----- input --------
-1 -1 1 1 1 1 3 10 10 10 
----- start --------
1 1 3 3 3 3 7 8 8 8 
----- freq --------
2 2 4 4 4 4 1 3 3 3 
----- tree --------
0 4 4 4 4 4 4 3 2 4 4 4 4 3 3 3 2 2 0 0 0 0 0 0 4 1 0 0 0 0 0 0 0 0 0 0 0 0 0 0 0 