100
5 1
3 1 4 1 5 9
2 7 1 8 2 9
4 8 15 16 23 42
287557 1
286335478 398436587 530129358 396331706 199243074 551040564
286335478 398436587 530129358 396331706 199243074 551040564
229633 23661 1464 155752 9037 287557
123456 1
219265762 5062177 505184 433093745 102888753 609033797
219265762 5062177 505184 433093745 102888753 609033797
113147 32482 62371 41482 30152 123456
400000 1
856738222 455253808 240578567 93885687 686083255 919854193
856738222 455253808 240578567 93885687 686083255 919854193
291769 135484 94428 111133 49415 400000
400000 1
631632164 475585265 111058223 382322723 207165174 643619430
631632164 475585265 111058223 382322723 207165174 643619430
134457 288872 335031 306087 53085 400000
400000 1
67401351 65197621 202394254 87430607 82868430 308753936
67401351 65197621 202394254 87430607 82868430 308753936
150296 186372 109934 240601 54965 400000
400000 1
58581074 362921571 270615325 580746133 403770330 609525947
288533920 56910302 255437996 108114840 242087050 376911406
5065273 150651912 164211380 165655105 35547294 236836324
400000 1
8374828 617638872 226586977 482937637 535779138 704323606
8374828 617638872 226586977 482937637 535779138 704323606
349180 131658 137548 244020 136163 400000
400000 1
0 0 0 0 0 1000000000
999999999 999999999 0 0 999999999 1000000000
391901954 279999198 401033378 319716108 216162778 449506156
400000 1
29608108 39591034 463749774 483572358 358084954 554535149
29608108 39591034 463749774 483572358 358084954 554535149
272334 197370 16310 304606 188011 400000
192999 1
238491762 390558539 375023972 539244981 610942488 653591508
469467951 236281083 267975859 507956504 282268582 617799982
664607073 591971431 266755598 586717050 279633712 826706816
400000 1
215174996 337162126 509352519 252034909 435557139 942165637
215174996 337162126 509352519 252034909 435557139 942165637
180161 58038 50825 128587 29491 400000
374160 1
560705315 102037673 228648878 377172806 144349568 822255837
6476972 851560920 758041259 700507219 110037588 922329193
260981083 111950898 141443410 29048716 7034698 349975021
200594 1
9088682 33342091 75086568 42160823 95837785 103939455
9088682 33342091 75086568 42160823 95837785 103939455
18559 149984 67669 159404 83737 200594
1 1
0 0 0 0 0 1
0 0 0 0 0 1
999999999 999999999 0 0 999999999 1000000000
400000 1
277572404 216817470 169856373 196132142 130222303 478888153
277572404 216817470 169856373 196132142 130222303 478888153
363500 223092 154355 388715 17202 400000
400000 1
767382005 912801283 228790699 530745208 814839356 929876728
767382005 912801283 228790699 530745208 814839356 929876728
241661 308774 88710 63569 82838 400000
244214 1
167414716 733920965 438914930 244538134 705298042 859196243
270498945 353212913 132196736 566362393 175243128 629533632
97955177 400170710 67672694 472220430 419075398 484788768
400000 1
145116231 725023079 448729133 467363755 3715033 779891763
145116231 725023079 448729133 467363755 3715033 779891763
97010 283743 284407 98556 78789 400000
1 1
0 0 0 0 0 1
0 0 0 0 0 1
0 0 0 0 0 1
400000 1
110184810 154322844 92622106 35581001 114040283 166701009
110184810 154322844 92622106 35581001 114040283 166701009
186147 4051 38960 46785 279537 400000
400000 1
0 0 0 0 0 1000000000
999999999 999999999 0 0 999999999 1000000000
112136002 558201387 506249419 90857814 529279130 802764737
192999 1
0 0 0 0 0 1000000000
999999999 999999999 0 0 999999999 1000000000
518948932 594939641 428769067 725789509 363975445 895470574
123456 1
43889004 508484417 49443609 549558736 183782731 683652461
999999999 999999999 0 0 999999999 1000000000
325869426 640724491 534729989 196486187 352055441 669767966
208740 1
260401059 105389842 136952505 502261651 335314726 510383011
133038412 60288920 166109046 11838948 26426667 208285210
89145164 98641388 247477784 442988649 76077606 464785807
287557 1
0 0 0 0 0 1000000000
45595714 38838148 53669738 17236500 39315014 58173103
429606508 59624617 111313982 284683541 263230426 458155147
400000 1
416184258 209163509 382442435 579280557 306319235 584640334
268101029 595825720 635872768 25747395 120398881 676024277
172826790 156118824 356563177 427639774 74794838 620684677
400000 1
0 0 0 0 0 1000000000
999999999 999999999 0 0 999999999 1000000000
391763554 151807332 324780977 338431530 11257798 617453659
400000 1
0 0 0 0 0 1000000000
999999999 999999999 0 0 999999999 1000000000
204748714 486147970 2612254 534339493 377974930 620565181
400000 1
632598942 366348732 530086172 343489148 415537375 890083381
771522672 647707281 247854985 702246704 55301120 787070054
101978839 82362490 70216005 112703659 5366677 158003713
244214 1
293913562 294400303 96195576 78271103 67431918 382582317
293913562 294400303 96195576 78271103 67431918 382582317
61145 85625 106611 238037 133652 244214
400000 1
567651183 670292650 786716539 585849119 347844133 906563646
999999999 999999999 0 0 999999999 1000000000
251461857 129343223 112624185 100587251 296498761 318258076
400000 1
51197593 74824197 189110946 173458097 210952150 542513042
999999999 999999999 0 0 999999999 1000000000
183716465 436876567 333087730 586669324 591624943 656919071
122854 1
478912636 406943201 462182473 471336288 208476745 538861387
169365875 31846720 262090087 36718197 171169728 352277436
21569091 28674387 23616539 939369 28660099 29310917
400000 1
48651047 50448663 696243407 867839640 613899111 918353741
48651047 50448663 696243407 867839640 613899111 918353741
39648 236025 238299 221156 106214 400000
400000 1
0 0 0 0 0 1000000000
182361419 97103583 157119792 361452134 311445146 683764551
141175878 480397765 316865349 606072158 439561586 625431641
400000 1
117629978 211934736 83716564 188787765 352915563 455000865
117629978 211934736 83716564 188787765 352915563 455000865
283381 79953 216047 367620 207321 400000
287557 1
125711848 301540319 25946999 138000763 312743770 355038616
345122037 25706913 150811070 398991185 508248710 773507829
57288025 30294974 42789673 41565232 160823349 162078218
88022 1
152492362 336779164 125077145 50740410 202446862 345757975
124005790 142138020 30716510 51460607 50753778 143233155
738197197 193508435 324808602 490182417 897914512 986990437
400000 1
71132063 179896532 216302497 14868665 574012899 793879920
71132063 179896532 216302497 14868665 574012899 793879920
48163 262551 226370 5073 133808 400000
192999 1
0 0 0 0 0 1000000000
188708486 267758006 773453575 107683718 234818871 798217449
41440258 148708019 101379517 63129651 90274155 305914087
400000 1
0 0 0 0 0 1000000000
451840373 465170975 319429645 271846495 468625349 506451301
18590780 1284433 23748283 18037488 24072947 26646212
400000 1
514952395 85065387 670381527 679515894 89951456 771109732
514952395 85065387 670381527 679515894 89951456 771109732
24186 79575 285059 344163 137548 400000
400000 1
53657630 648982038 129673329 628171029 499432195 674507801
467124513 83575715 32632799 161552362 331182740 546467978
431198152 88623319 835950690 433806755 205414012 844561553
400000 1
0 0 0 0 0 1
999999999 999999999 0 0 999999999 1000000000
0 0 0 0 0 1
400000 1
47063059 168103219 256560482 132790553 186813797 371946216
47063059 168103219 256560482 132790553 186813797 371946216
212546 18980 72433 65483 122793 400000
179015 1
46846321 129030369 85155012 3507859 25687351 161134491
546478195 539584783 532746981 562400653 129247877 783881815
48253030 31593302 334747305 214999195 208642386 728130875
400000 1
49516668 295685522 189015496 18033113 115455967 487366966
49516668 295685522 189015496 18033113 115455967 487366966
237856 296449 157093 233867 132548 400000
287557 1
0 0 0 0 0 1000000000
999999999 999999999 0 0 999999999 1000000000
709036219 530900229 727139195 300736635 302302617 778674505
208740 1
124421125 19528395 121500713 140621371 76009031 242670444
999999999 999999999 0 0 999999999 1000000000
270943576 204301128 290455746 254053678 316524125 394364741
400000 1
191784218 40810971 410620591 32662409 829875134 907590812
191784218 40810971 410620591 32662409 829875134 907590812
38423 84009 313062 225614 202592 400000
400000 1
0 0 0 0 0 1000000000
999999999 999999999 0 0 999999999 1000000000
142025527 322438186 154654088 531164435 126814493 815550161
400000 1
23915078 24703130 30515857 13881025 7891727 31174998
23915078 24703130 30515857 13881025 7891727 31174998
258613 96125 89031 125073 328754 400000
400000 1
0 0 0 0 0 1000000000
415817867 426411239 226608630 81365543 313692711 438608051
88136106 180740083 119938767 123659625 44422345 207619283
200594 1
735174730 765991744 467290571 229827371 522929521 994824682
999999999 999999999 0 0 999999999 1000000000
49999368 220360525 120223525 216159294 186435266 310465561
122401 1
348328612 32947222 163413646 276988306 139789990 378936477
771871225 603515809 711196000 475024610 902085099 914622142
461326350 35499461 136867416 291089906 45141783 666036676
200594 1
0 0 0 0 0 1000000000
882818494 774260091 701639292 434162027 631417126 906167677
717509762 875058021 746653529 453916816 89229547 878565560
400000 1
982522 116977959 415429158 61410363 42094001 482862126
982522 116977959 415429158 61410363 42094001 482862126
78672 394969 28775 148244 122520 400000
200594 1
183621741 293095593 515988517 332351052 180976973 536962223
119057169 152370805 334743750 168758739 117681160 493140546
13397615 79120694 39292765 149910158 52116217 153984982
208740 1
463936943 691957475 536142985 434369951 524232118 723347660
463936943 691957475 536142985 434369951 524232118 723347660
76184 114421 62580 49602 27264 208740
287557 1
695237428 671838106 229023289 566787660 375929787 773314999
999999999 999999999 0 0 999999999 1000000000
400632286 260911452 414946235 7880359 161680213 441777498
212302 1
373452718 520184016 67380146 438805200 104830203 630814449
259800687 12942145 34146985 80843792 156728807 278485679
431089854 309204028 232191185 117977354 195940265 542808738
400000 1
243283525 407529424 316081248 351235685 639143959 649187669
243283525 407529424 316081248 351235685 639143959 649187669
80730 341541 240846 379250 249485 400000
400000 1
534903248 409725793 248412356 114563160 537648154 811118020
8716399 150110929 17963951 173735656 134868400 232995681
211677651 26738424 165314694 134091071 16294331 276898958
244214 1
0 0 0 0 0 1000000000
136042585 204530210 253575903 131568759 126867336 281842687
545604558 300370780 413359467 452612167 676155505 811892275
123456 1
0 0 0 0 0 1000000000
999999999 999999999 0 0 999999999 1000000000
560499785 348873574 853315608 786974123 478424375 937761096
192999 1
70395303 146554662 172543075 160660490 166623332 178671009
70395303 146554662 172543075 160660490 166623332 178671009
121765 48165 6126 93113 187905 192999
400000 1
421073891 305672599 331891920 317013325 106543504 493507441
421073891 305672599 331891920 317013325 106543504 493507441
70540 206508 246249 17824 334188 400000
400000 1
401397597 456396937 63435624 320823330 258333627 479667673
999999999 999999999 0 0 999999999 1000000000
422037204 374192290 107332380 352855587 463968642 491832518
400000 1
549390660 91679421 658255356 221234980 376682358 735336371
549390660 91679421 658255356 221234980 376682358 735336371
19139 36822 205525 98129 87542 400000
244214 1
326677013 467367016 232069509 19242281 304881003 593617694
999999999 999999999 0 0 999999999 1000000000
60499598 239624551 109283102 66046243 2591024 257770342
400000 1
483776716 455271709 580460167 201307823 348733659 604274023
483776716 455271709 580460167 201307823 348733659 604274023
12262 288838 283246 220956 365286 400000
400000 1
1122628 526306 5575828 350622 4344054 5594817
999999999 999999999 0 0 999999999 1000000000
664772275 113082590 459248930 93985646 12127848 743774481
400000 1
0 0 0 0 0 1000000000
757738564 782464870 816164117 337934569 748389742 840134726
510869217 217505806 672438676 411393979 807109707 821212169
400000 1
7863110 25404058 37359927 88201268 59487365 96041283
7863110 25404058 37359927 88201268 59487365 96041283
181544 234957 150829 352588 186809 400000
400000 1
375777222 272618017 68560232 123558919 400278460 483217441
375777222 272618017 68560232 123558919 400278460 483217441
0 0 0 0 0 1
400000 1
0 0 0 0 0 1000000000
58648614 66709022 72349707 51707423 12969885 75358802
84720053 96214164 52812104 51789916 45310165 98912616
400000 1
299844343 21116906 186629533 333248567 333597048 357049860
299844343 21116906 186629533 333248567 333597048 357049860
214926 246455 235972 166187 37007 400000
400000 1
300154089 407099387 640470222 245186408 484559295 693971083
300154089 407099387 640470222 245186408 484559295 693971083
174289 170054 379699 280504 42539 400000
400000 1
741125472 183008247 715315890 535221316 338752360 786816851
999999999 999999999 0 0 999999999 1000000000
172603065 468008383 315518199 638292741 366587622 677949651
400000 1
234933288 43682517 4920161 14233694 36203048 265312225
234933288 43682517 4920161 14233694 36203048 265312225
378861 229571 360314 42427 275554 400000
123456 1
0 0 0 0 0 1000000000
221644004 580305916 145576303 514125299 166879043 696375131
161088989 685260979 261615910 556011685 3755661 773488438
208740 1
0 0 0 0 0 1000000000
999999999 999999999 0 0 999999999 1000000000
2223722 1645225 339950 4565266 2585162 4784851
200594 1
0 0 0 0 0 1000000000
999999999 999999999 0 0 999999999 1000000000
175241312 439570170 433612896 549858180 627071331 627113140
208740 1
0 0 0 0 0 1000000000
266245556 172658501 188164417 77000227 77775216 330483025
384434271 58641799 75246173 399108544 23219711 401353118
400000 1
0 0 0 0 0 1000000000
999999999 999999999 0 0 999999999 1000000000
460164511 385637943 391230269 93212661 303623534 497728714
400000 1
202873268 684332252 520010350 420339197 143381600 806436517
202873268 684332252 520010350 420339197 143381600 806436517
43083 338991 64185 263614 28442 400000
400000 1
263143864 229778410 309788647 467427889 11550883 733463483
263143864 229778410 309788647 467427889 11550883 733463483
266740 303615 216670 299276 344491 400000
400000 1
166039881 179111487 70680620 11766201 106138448 221845127
166039881 179111487 70680620 11766201 106138448 221845127
311575 203302 136920 241861 311054 400000
274936 1
322417267 322500283 3905213 315832574 355736057 371387660
123346936 128590053 142187245 20949369 158913461 177631583
209260006 274479077 141346090 38264451 274783903 286078525
400000 1
46236127 262704729 393206095 61876573 229854376 507024971
539103466 10288894 453469967 177996834 232386639 573530794
191935885 54769194 410346411 581733253 330199490 892057729
136661 1
23322255 55341370 21558675 50136930 7356600 63571697
21166430 20352965 13955208 4109970 11251468 27514949
520369018 486040883 135577236 5553905 477159277 591541947
188683 1
159483347 152121900 100851435 61037454 157780718 161354497
481898649 450540935 714679690 283885580 379990732 755170290
301965555 123034282 504784044 574835054 588545906 900029940
244214 1
0 0 0 0 0 1000000000
999999999 999999999 0 0 999999999 1000000000
5184785 41564595 7027524 20336638 36604098 43048431
123456 1
144205224 510387434 144270656 461255185 519393414 543557206
394258694 287436249 244505949 453777947 16029115 621947028
254515879 87922878 352281091 84801245 153038601 469683950
307108 1
167452797 417096875 474236247 470855390 4277559 552703805
9861639 411229906 60466742 322346601 430769270 456421999
225577312 208946561 63667919 221885648 176522507 233371532
400000 1
287650080 127487124 165299276 60843451 281485200 429853173
287650080 127487124 165299276 60843451 281485200 429853173
356608 26719 267931 99184 169290 400000
400000 1
0 0 0 0 0 1000000000
661780558 499452797 597152496 467331114 269201765 662202478
197104785 185314522 89005854 363311175 142172619 376341153
192999 1
8277109 8930922 119748926 178795289 187929839 219925427
999999999 999999999 0 0 999999999 1000000000
71229089 366311665 256082059 150767126 22477758 524499767
400000 1
214753600 32196664 109441234 221930339 100795992 230871812
999999999 999999999 0 0 999999999 1000000000
891367894 717485306 184856387 586478533 727404679 901339669
