6
50
472 540 133 543 6 93 32 61 271 460 98 394 371 478 35 309 85 285 455 821 327 721 96 344 378 494 5 27 22 503 116 523 488 559 170 587 26 216 32 413 449 828 174 365 31 221 400 422 99 231 481 831 396 614 95 464 109 308 278 315 456 548 153 306 376 642 298 376 306 362 383 400 272 664 29 208 367 444 418 576 6 238 240 682 131 430 376 471 352 734 289 759 256 673 448 823 192 667 125 376 
25
266
198
89
960
490
247
648
447
485
349
516
991
54
930
939
980
405
282
353
307
324
945
733
842
500

200
1198 2076 186 669 166 1007 555 1489 873 1760 776 1790 13 600 683 728 601 1147 346 401 1035 1629 1169 1857 361 915 984 1532 400 1517 1055 1552 32 1249 57 1248 546 643 1018 2040 528 1478 783 791 1138 1550 295 1118 1174 1290 37 1032 1143 1750 669 1377 279 1467 14 453 707 1380 773 1277 841 1498 781 950 983 1291 381 1179 634 682 221 437 1118 1196 1163 1304 897 1870 163 529 282 1063 139 1378 888 1256 1081 1487 170 1013 447 1208 1115 1955 810 1035 945 1731 234 1358 1079 1341 826 1946 75 772 1231 1636 1214 2374 648 785 602 1000 305 992 595 1015 561 1400 149 198 889 934 962 1930 385 575 574 621 1073 1093 1138 2111 848 1723 643 1538 1188 2134 622 1805 329 338 945 1854 887 1143 281 833 1042 1480 1237 2007 841 1336 964 1177 457 1317 439 559 153 215 436 533 1121 1802 273 1125 10 984 596 1503 1089 2254 266 1172 152 370 58 1173 346 1084 472 753 935 1548 748 1221 428 1591 400 864 186 1242 406 490 549 573 525 1257 871 1603 871 1166 751 1697 1077 1732 510 1514 943 1795 1211 1677 198 1408 811 1987 14 896 907 2097 412 1296 410 936 143 1368 70 573 85 132 396 1424 660 795 911 1026 641 1282 403 500 927 1089 319 530 961 1544 274 1098 677 963 423 689 750 1763 993 1797 382 411 730 867 621 1847 1191 2384 1193 2062 822 1334 1249 2453 237 350 257 946 1140 1199 1023 2113 391 565 314 416 1098 2330 358 1058 349 763 494 1376 1237 1944 822 1313 123 850 65 221 385 677 1190 1755 685 1054 1108 2243 177 724 1085 1307 494 1432 280 530 241 1290 1130 1723 151 1164 799 1458 409 1019 68 166 194 1432 1232 2091 126 1373 607 1554 818 2049 422 963 968 2151 97 787 735 1772 124 397 1141 1635 457 851 446 1439 938 2036 325 842 171 1178 1062 2102 698 1758 586 1460 1082 1734 525 895 356 648 887 1279 119 1125 466 1465 424 496 588 690 11 767 685 692 924 1750 811 1604 73 352 1182 1843 
100
359
1082
2354
2059
2084
102
2026
2304
1506
890
1313
116
417
866
389
1026
677
1885
185
711
1102
1500
2442
636
1297
1356
2063
600
396
1177
1324
2462
2193
463
1549
521
1775
1213
1680
2498
1524
1814
293
288
171
475
531
76
1950
1982
1897
247
2048
1277
1887
868
754
680
134
1638
1255
1101
2398
560
735
2334
2099
2173
1128
1876
1968
110
2057
1878
1273
1179
648
618
1882
1869
2198
386
290
2423
2495
1044
1962
1160
42
1138
2039
1314
873
900
1840
358
273
1612
1984
2086

500
1 5000 5000 5000 529 2341 836 2004 1902 4082 1516 2764 2318 3425 1776 4249 624 1316 691 2017 490 2632 1824 3361 122 307 1526 1648 556 2584 994 2627 1672 3631 899 2616 749 1854 2362 3690 1277 1301 1699 2375 304 1146 1804 3736 2180 3668 2465 3562 999 2382 366 2203 137 2051 2066 3000 2173 2924 2381 4122 803 2868 1752 2501 435 1310 416 2366 369 1257 1641 3191 2177 3328 898 1356 299 674 1443 3319 485 1128 11 237 468 571 1768 3667 199 1709 384 1602 2118 4495 1185 2436 813 1375 1020 2642 315 321 1067 1354 1670 2179 1187 2379 1748 2756 2167 3845 767 2372 439 1737 186 1797 299 1432 1264 2629 2334 4474 386 2762 808 830 1993 3726 2089 2657 2118 3151 1937 3135 2352 4689 361 2349 1048 1855 607 2243 2366 3496 898 1385 1683 2665 132 899 995 2922 1333 3292 1751 3627 2470 3301 761 1970 107 1759 619 1429 475 1823 869 2876 1694 2969 46 1810 1215 2640 1711 3409 1424 2600 1260 3229 1967 2333 735 1564 537 1300 659 2051 2350 3339 707 1009 1363 2721 1685 2161 768 768 2326 2569 1229 2942 1850 2414 68 1161 2424 3421 1706 3262 1348 3155 1696 2133 10 1298 2496 3881 1729 1897 969 3378 2488 4916 1995 3825 1136 2867 693 1808 1911 4199 2493 3808 1477 3611 1058 1304 1498 3824 1226 2719 2268 2720 1418 3007 1354 3091 2467 2898 1862 4131 2435 4230 896 1046 1869 3201 541 732 2189 3978 1156 2047 2445 4328 1798 1884 1345 2266 2173 4024 2310 4752 2047 3467 1054 2819 693 2576 623 2917 1160 3314 2103 3973 1235 2292 1644 2949 355 1948 137 1302 1264 1397 262 1732 670 2739 672 1337 1165 1683 133 547 901 3361 79 1093 2377 4229 1471 3538 1990 3681 1310 2516 1569 2826 1376 2143 1211 2858 2141 2916 461 2176 1841 4106 1600 2662 1500 1603 1045 3465 1579 3374 539 586 878 1897 1735 2205 827 831 1237 1946 1000 3308 1033 2923 633 2876 532 2316 1785 2469 702 1582 1731 4225 188 1977 1648 3922 2175 2699 1192 1708 1032 1709 1071 3516 931 1622 1219 1730 916 2270 2348 4572 705 2613 2155 2801 1278 2927 960 3020 1110 2112 1706 1744 1071 3533 1737 2581 1138 1542 2197 2374 344 383 2049 2868 2461 2560 2267 3381 1024 1944 1079 1472 736 1570 219 453 1350 3646 1482 2032 1186 2648 1868 2002 433 1947 1363 2388 1561 3839 148 914 2041 2705 1693 3071 1241 3457 1256 1682 752 1931 1 1933 1805 2022 1115 3483 1419 3899 245 592 535 2567 800 2880 1316 3808 1625 3179 1722 2573 1119 1313 1592 2368 387 1764 1015 1583 1180 1460 916 1561 769 885 2229 3718 2393 4750 2326 2763 339 1485 47 1803 954 2884 1062 3450 2057 2563 2159 2586 549 1112 331 1542 271 412 502 634 341 1040 1385 3185 1168 2486 2293 4199 436 2659 162 1438 309 1845 831 1865 1007 1741 1135 1841 124 2434 77 1671 1426 2630 629 2811 1108 2482 424 1348 1706 2512 1402 2229 1617 3946 1531 1666 912 2412 587 1782 1746 2102 1483 2384 2085 2415 1778 2517 2101 2863 1868 2835 506 1755 1835 2855 258 1985 467 2131 1115 1926 244 1407 717 3075 2092 4389 1489 3055 1370 2955 755 1314 2159 2469 2322 4299 1027 1665 282 1631 2216 2551 2101 3171 140 645 1231 2251 1521 3668 1276 2960 2402 3928 2444 4320 1196 1476 1476 1787 510 581 56 2320 971 2188 1017 2939 2123 3487 1571 2018 2269 3223 1387 2002 352 2786 1209 2223 1700 1779 470 2129 1136 1730 86 1838 615 791 3 416 2384 3503 1308 3604 2463 3724 1534 3933 889 2128 734 2135 2095 3063 357 1693 988 998 120 1769 13 1291 1175 1798 1351 2914 758 2007 124 949 192 2326 1027 1903 1928 4102 94 1646 2457 3276 1181 1754 1897 2612 1058 3222 790 879 1879 2764 1462 2630 2188 3017 1037 3312 2394 4801 973 1417 1549 3899 582 2194 87 1041 2124 3767 398 2642 1534 1547 1580 3853 133 2409 2069 4016 2498 4661 1658 1829 1549 2965 2249 4316 1455 1660 718 2290 2250 3146 1445 3877 173 2162 1473 2806 1423 2410 2365 4443 1121 1240 558 2066 1085 3186 2282 4299 757 885 384 837 729 2413 1868 3173 681 1181 1594 2707 155 689 523 2558 1269 1713 1409 1439 626 2823 729 1643 1619 1975 594 2235 1414 2115 2375 4437 1307 2184 1717 2875 1876 2033 57 249 1763 1803 1559 1830 185 2387 2457 3828 1822 3858 185 1333 1081 1362 696 2455 1407 1971 1712 3960 2160 2189 806 2036 1837 2207 438 2332 2315 3185 1172 1534 69 1598 1467 2759 819 3182 2329 4128 1041 2064 879 2871 1959 3011 1171 1230 181 240 1464 3317 958 1298 2057 2153 1441 3620 991 1137 2381 3149 1776 2299 992 1143 1301 1987 2459 4780 2172 2177 1868 2192 1967 2415 1541 1819 578 3050 1825 3146 1095 3099 417 2052 2073 3226 1161 2610 1986 2954 1172 3242 615 2800 1490 2512 706 1338 1906 2855 2298 3365 377 1956 996 2710 146 404 1373 3140 2035 2221 41 2259 421 1586 1826 3303 1344 2770 789 1504 2177 4414 683 2145 2021 4470 144 1299 2071 3354 1399 3321 67 1050 1954 3520 1540 3488 196 2343 2443 4869 2016 4427 573 3056 692 2388 290 573 1152 3092 240 2392 1170 2257 340 406 2439 3617 247 557 963 2996 1598 2720 658 1924 164 1101 435 2073 234 715 1535 2732 1978 2867 871 2729 667 972 1670 3271 2160 2304 142 730 1099 2051 1410 3231 1010 1213 1902 3244 1410 3305 
500
4575
248
1113
1393
2317
3422
2702
1579
1063
534
3955
4270
875
4006
3763
3306
4867
1784
2494
4225
344
1668
2522
3019
3617
1488
3696
369
3200
2107
2000
1014
465
759
2073
3327
3656
2276
3865
1620
4966
2169
2390
1158
3632
1733
2455
1536
3580
4268
3393
4426
408
1021
2114
3520
4353
1104
3900
209
605
1013
1006
4819
2069
1431
509
3980
83
1104
4122
4020
2532
4694
4977
3566
2993
4603
3565
4933
1616
3218
4443
1595
3562
2725
57
237
2817
2620
698
394
4712
2592
3922
346
4463
4781
3969
19
937
269
949
1895
4131
2002
4048
4130
932
2459
91
2391
1588
1928
590
1697
402
1193
3741
3359
1005
2136
4856
3833
2335
1759
3111
3327
1089
1868
624
953
2887
2441
351
2297
322
3895
888
3645
1251
4683
3556
4168
4442
3025
3110
960
3420
2885
713
442
1042
2848
584
2937
908
3895
3153
2238
4425
3184
3143
2618
4201
3470
3802
3790
426
1348
4181
2171
3988
3845
3604
4254
225
2585
224
2139
187
1884
1689
2386
2908
4497
1607
3055
1796
644
3036
1315
1283
3869
89
1136
2772
2025
548
1818
4801
874
1099
1601
3417
1686
3055
1787
1555
1909
2504
2983
3501
4044
4825
1635
3109
1086
368
3150
1355
1650
4877
842
3226
2784
3155
2418
1066
333
2072
730
2195
2943
429
315
2567
2730
4050
669
2316
4344
4082
199
4772
3023
781
1850
3420
1124
4784
1371
1990
2141
1654
2352
274
2668
4625
4570
1592
1920
849
2240
2675
3558
4288
4300
3762
2924
1007
2287
4064
998
2425
2919
198
2474
4866
81
2978
4373
715
4346
279
96
253
1223
1888
2270
4319
980
641
4636
462
1089
117
3523
3759
2249
6
4570
84
2780
4404
4867
545
4245
709
1192
1323
2717
1685
3423
3460
4070
3210
1025
2981
420
4479
1984
4064
1853
2139
150
1336
3898
2557
2234
695
3877
2119
1270
3684
3426
4028
3724
1960
1466
1054
639
2939
1355
3848
3117
2272
3931
541
4618
2633
275
4444
4984
3000
3985
4233
4138
1500
2917
2641
2800
2628
3573
3065
3229
2819
148
4370
2364
3080
3557
4421
4609
2800
3125
1768
3860
2411
566
3499
367
504
1296
2594
505
3117
883
1526
4412
2967
2575
2690
336
3434
2804
199
4458
4525
1558
4341
1855
2414
3559
4022
1275
414
136
2280
1023
752
3907
1376
1006
2523
4784
3293
3160
4673
2479
1408
4215
2587
917
4342
3351
220
1375
655
4795
2127
3419
1310
3018
4085
543
4685
897
1335
4849
3237
2690
2588
1709
2703
1257
4295
4709
2698
4279
4281
1130
1833
1160
22
1945
4280
1135
2727
3921
179
306
3667
4345
1715
1088
1682
2399
462
4678
1704
4842
4706
4041
91
921
2430
4821
3321
4572
1700
3468
448
1264
4279
2811
4235
697
1829
4118
430
3367
521
140
1967
2915
792
4205
4257
3203

150
1021 1021 953 953 1048 1048 715 1894 276 280 188 449 114 426 548 718 631 1160 316 938 1122 1336 1077 1607 454 1362 1177 2260 133 1295 417 1419 763 1018 1220 1600 119 443 1102 1133 134 1144 987 2112 1230 1532 625 1398 782 1992 917 2054 384 1390 179 966 979 1558 638 1040 1070 2086 929 1238 203 664 1236 2242 745 1988 701 1914 244 464 811 1797 30 711 1191 1350 717 1703 1150 1956 1 814 1203 1322 1025 2113 28 1080 1211 1734 261 1192 36 1101 1006 1369 692 1634 1151 1419 791 1385 319 1553 244 1231 878 911 957 1013 1038 1403 739 1090 569 759 819 1593 396 1425 858 1823 887 1942 64 196 860 1047 339 1191 227 1044 276 1297 646 1673 930 960 1196 1966 169 1225 1078 1670 404 1421 588 1144 345 468 416 971 354 477 1145 1818 460 475 763 896 615 1623 785 1995 723 1509 725 1332 577 1730 699 976 1009 1126 1165 2365 498 1689 1045 2080 70 1120 15 783 557 1394 223 1039 1067 1629 861 1235 629 1710 72 596 734 1451 1019 1495 360 1099 99 672 331 989 7 178 1036 1243 1226 1701 201 454 34 1106 1200 1623 653 1597 739 995 1219 2277 1057 2048 785 1083 57 588 1015 1541 765 1976 810 1371 176 1293 638 1258 105 1238 98 1029 918 2019 348 480 1128 1272 111 1015 1114 2282 76 200 346 576 948 1981 1037 1279 526 1676 988 2047 486 1596 423 764 723 1403 542 593 1051 1166 1240 1793 375 807 875 903 317 412 629 1111 1181 2157 944 1471 392 658 555 604 265 419 
80
1021
2346
1617
1250
792
873
2127
2488
518
1978
116
994
1644
209
289
1493
2412
1813
1989
472
1923
2049
323
1717
2057
961
234
2339
2068
616
1495
1662
84
1222
1279
2207
821
500
2387
333
1135
929
733
1535
955
2129
295
2341
1132
1090
556
978
2045
114
1436
147
2341
1784
74
1057
2273
2022
1457
412
1670
1452
254
607
1893
1268
694
1881
679
1681
1008
1603
1221
288
1267
1048

200
742 752 792 1626 941 1290 991 1895 72 1022 122 1761 635 1126 685 1813 592 1165 642 1832 510 799 560 1649 350 512 400 1506 41 489 91 1494 959 1139 1009 1819 1118 2283 1168 2391 1125 1960 1175 2230 742 1045 792 1772 926 2027 976 2263 737 1758 787 2129 882 1831 932 2165 954 1521 1004 2010 996 2037 1046 2268 1191 1853 1241 2176 100 541 150 1520 948 2187 998 2343 39 1109 89 1804 89 938 139 1719 87 623 137 1561 861 1575 911 2037 1033 1424 1083 1962 369 1496 419 1998 867 878 917 1689 1179 2345 1229 2422 1225 2010 1275 2255 605 1825 655 2162 1172 1731 1222 2115 873 1028 923 1764 703 1140 753 1820 1228 2272 1278 2386 859 1966 909 2233 46 471 96 1485 1137 2121 1187 2310 229 550 279 1525 866 1665 916 2082 978 1300 1028 1900 685 1308 735 1904 843 1265 893 1882 967 1985 1017 2242 197 803 247 1651 25 730 75 1615 583 760 633 1630 211 861 261 1680 252 824 302 1662 904 1948 954 2224 474 609 524 1554 109 1332 159 1916 692 1603 742 2051 451 910 501 1705 1117 1517 1167 2008 484 1619 534 2059 806 1176 856 1838 959 1135 1009 1817 546 668 596 1584 23 1030 73 1765 961 965 1011 1732 843 1286 893 1893 312 649 362 1574 929 2130 979 2315 270 1110 320 1805 196 1126 246 1813 1162 1365 1212 1932 85 551 135 1525 1220 2102 1270 2301 824 1134 874 1817 301 794 351 1647 485 1008 535 1754 1228 1493 1278 1996 905 1413 955 1956 597 882 647 1691 480 1717 530 2108 1233 1312 1283 1906 373 1009 423 1754 556 1762 606 2131 560 1677 610 2088 873 1138 923 1819 522 695 572 1597 20 660 70 1580 768 1566 818 2033 974 1041 1024 1770 448 849 498 1674 83 396 133 1448 999 1762 1049 2131 292 1124 342 1812 802 1787 852 2143 541 552 591 1526 938 1789 988 2144 473 1002 523 1751 1207 2339 1257 2419 899 1951 949 2225 288 575 338 1537 1235 1855 1285 2177 1088 1415 1138 1957 670 973 720 1736 422 628 472 1564 125 832 175 1666 
150
17
1684
1322
989
447
998
153
1297
1113
336
396
367
2418
1738
1867
1983
20
2325
85
1980
2251
1655
908
972
1247
1423
71
901
2245
435
422
2380
1680
2391
1063
2222
1649
371
1034
2341
875
1945
1600
1464
890
172
717
156
1181
857
793
992
123
686
643
561
401
92
1010
1169
1176
793
977
788
933
1005
1047
1242
151
999
90
140
138
912
1084
420
918
1230
1276
656
1223
924
754
1279
910
97
1188
280
917
1029
736
894
1018
248
76
634
262
303
955
525
160
743
502
1168
535
857
1010
597
74
1012
894
363
980
321
247
1213
136
1271
875
352
536
1279
956
648
531
1284
424
607
611
924
573
71
819
1025
499
134
1050
343
853
592
989
524
1258
950
339
1286
1139
721
473
176

150
1635 2859 102 1635 1012 1608 283 1394 1245 2023 761 818 139 1076 1057 1502 382 1546 209 1051 446 1603 27 196 1012 1346 1030 1656 78 559 546 722 382 1194 823 1297 465 1424 358 845 167 214 411 443 417 902 801 1332 463 804 279 339 1172 1319 762 1102 739 1811 605 1809 233 1435 716 1005 13 33 489 1706 1065 1959 530 863 443 607 900 1268 1193 1527 1116 1209 692 917 322 1287 889 2015 72 563 610 1144 293 533 833 916 246 1319 133 169 98 1270 893 1939 1126 1168 339 1193 1139 1202 317 912 485 1472 108 1094 346 737 1131 1890 646 818 354 775 400 1421 959 1026 423 992 568 1154 184 456 9 48 1074 1565 728 1959 1218 1644 254 1401 1001 1900 1065 2127 229 676 47 930 631 1366 905 1125 1247 1802 503 857 365 665 1143 1453 377 1118 456 1163 1249 1836 1022 2136 867 1631 409 819 1040 1104 607 617 1240 2207 1136 1555 473 540 1137 1302 450 455 1237 2415 710 1886 201 450 742 1246 285 909 746 890 1077 1318 368 733 1238 2314 685 849 1228 1587 2 790 716 1220 647 801 458 1180 171 1370 1000 1618 362 746 838 1288 956 1461 477 809 5 1241 813 1167 671 1483 320 1274 431 942 260 749 1092 2259 706 824 1054 1688 516 1474 705 1198 1167 1530 332 398 713 814 1141 1644 983 2176 307 332 878 2040 17 639 1150 1821 744 1430 1044 2250 668 980 439 894 354 850 775 1532 1078 1252 668 943 401 898 1231 1606 433 1272 376 1500 871 1522 1129 1935 297 1134 
80
1635
1837
37
1457
2446
642
1791
1228
682
48
1579
1456
1490
90
660
2267
2130
1989
1294
1318
455
1486
1528
1564
1115
1508
396
730
2071
1132
326
841
1494
1084
17
2157
879
2358
2118
1218
224
1858
1127
1953
1453
1519
745
1064
1952
2202
1295
1483
871
1532
1034
2164
909
784
421
1046
2278
1453
1482
386
1021
18
960
1123
2252
320
1864
497
2390
2484
1551
909
702
318
2142
735

