6
10
33 71 42 56 38 61 37 44 13 24 43 47 40 70 27 29 4 36 48 49 
5
34
61
25
12
92

25
58 121 104 138 11 27 52 170 53 117 8 112 12 135 68 150 104 144 19 66 78 179 98 197 42 58 10 19 55 105 1 47 16 108 114 236 52 146 13 49 99 177 46 127 24 146 53 133 96 204 
25
72
65
46
42
87
50
216
46
104
52
46
32
144
104
136
211
190
214
247
60
207
209
86
199
85

50
1 500 500 500 64 66 84 183 85 110 6 122 163 274 158 218 235 241 171 385 37 158 95 298 213 291 12 16 9 9 54 261 49 155 126 164 126 208 144 287 132 236 86 234 237 480 127 240 245 266 169 345 248 338 76 161 209 265 14 263 156 367 99 134 94 204 169 347 18 29 108 304 135 143 209 221 189 218 135 274 142 217 131 326 227 337 118 247 189 289 89 308 182 219 242 314 232 339 100 116 
50
473
345
121
91
223
39
291
239
70
420
50
278
36
44
173
34
306
66
33
398
413
156
215
43
135
483
345
231
432
413
63
55
201
43
12
294
2
484
104
382
100
373
250
29
282
454
239
204
41
47

15
62 62 165 165 92 92 52 71 100 214 30 49 118 129 60 89 137 250 9 160 183 277 192 233 96 200 26 45 31 141 
8
62
3
14
191
119
10
8
92

20
176 314 226 357 139 220 189 310 178 233 228 316 35 157 85 278 4 64 54 232 87 197 137 298 138 150 188 275 178 371 228 385 193 324 243 362 169 182 219 291 
15
303
140
236
259
76
227
190
229
86
55
138
189
229
244
220

15
199 378 50 199 167 181 98 141 47 133 107 136 183 306 126 139 12 210 8 30 174 214 134 140 40 207 172 173 182 296 
8
199
86
72
323
289
169
366
260

